150
138
127
192
155
183
122
174
176
148
143
133
124
188
187
105
121
170
105
148
125
117
196
193
187
106
102
156
101
171
176
123
143
102
155
105
168
188
175
192
199
119
160
198
176
113
166
166
157
120
183
182
111
137
192
149
171
167
141
158
186
182
129
123
109
165
187
189
124
152
157
117
153
158
118
152
181
181
154
121
175
174
118
169
162
152
135
179
165
133
151
115
199
173
167
185
169
169
195
173
167
114
133
114
146
147
139
171
177
101
165
152
169
172
160
187
123
141
184
126
120
161
142
150
191
115
124
198
143
110
112
172
154
165
192
145
141
100
181
122
196
182
147
172
192
126
174
109
184
170
180
126
105
105
170
155
174
111
106
129
118
126
182
127
152
183
197
114
113
139
198
101
118
186
184
189
117
126
198
108
126
107
115
129
114
147
189
199
130
166
185
121
154
137
144
132
171
163
161
191
103
135
